All:

Linear Regression: 0.969468267581, 0.878603319039
Linear SVM: 0.978730703259, 0.898992618722
0-NN: 0.968096054889, 0.730214274127, 0.815344487481
1-NN: 0.963293310463, 0.69002632214, 0.719553040687
2-NN: 0.963636363636, 0.682943093066, 0.735215570073
3-NN: 0.958147512864, 0.645445823577, 0.66820482437
4-NN: 0.958490566038, 0.632882431002, 0.695633132108
5-NN: 0.954030874786, 0.607368538764, 0.63194856458
6-NN: 0.953344768439, 0.582736630413, 0.642864887155
7-NN: 0.951629502573, 0.593233673154, 0.61233028771
Random Forest: 0.970840480274, 0.755009604494, 0.794509652216

c(633470307215, 0.723733463503, 0.815344487481, 0.794509652216)
c(0.815344487481, 0.719553040687, 0.735215570073, 0.66820482437, 0.695633132108, 0.63194856458)

Time:

Linear Regression: 0.345454545455, 0.618668806545
Linear SVM: 0.344425385935, 0.621917838108
0-NN: 0.837735849057, 0.524498926371, 0.533526512124
1-NN: 0.948542024014, 0.525728987993, 0.5
2-NN: 0.948542024014, 0.525728987993, 0.5
3-NN: 0.948542024014, 0.525728987993, 0.5
4-NN: 0.948542024014, 0.525728987993, 0.5
5-NN: 0.948542024014, 0.525728987993, 0.5
6-NN: 0.948542024014, 0.525728987993, 0.5
7-NN: 0.948542024014, 0.525728987993, 0.5
Random Forest: 0.948542024014, 0.525728987993, 0.5

Scores:

Linear Regression: 0.970497427101, 0.861994553673
Linear SVM: 0.967066895369, 0.840430444677
0-NN: 0.97667238422, 0.756230571665, 0.847842205817
1-NN: 0.978730703259, 0.778070971481, 0.798027295917
2-NN: 0.981475128645, 0.8073355296, 0.844414704259
3-NN: 0.982161234991, 0.81856222619, 0.834719452372
4-NN: 0.983190394511, 0.829263185277, 0.845195642848
5-NN: 0.981818181818, 0.81738238559, 0.827041200391
6-NN: 0.981475128645, 0.808016776026, 0.834241333696
7-NN: 0.981132075472, 0.807115580785, 0.819899960133
Random Forest: 0.978730703259, 0.774660864991, 0.803751591641

c(0.589995626015, 0.649035985515, 0.847842205817, 0.803751591641)
c(0.847842205817, 0.798027295917, 0.844414704259, 0.834719452372, 0.845195642848, 0.827041200391)

Nums:

Linear Regression: 0.796569468268, 0.663968865994
Linear SVM: 0.795883361921, 0.618691346313
0-NN: 0.928987993139, 0.22593481836, 0.559940347372
1-NN: 0.944768439108, 0.295016284816, 0.517328050842
2-NN: 0.939965694683, 0.206420556645, 0.529715565112
3-NN: 0.945111492281, 0.286334436004, 0.508858279812
4-NN: 0.944425385935, 0.265991382831, 0.514801619174
5-NN: 0.946140651801, 0.537167769338, 0.510238095238
6-NN: 0.946140651801, 0.439496242751, 0.512556607035
7-NN: 0.945797598628, 0.533767867353, 0.506666666667
Random Forest: 0.939279588336, 0.254792027941, 0.543689864509

c(0.49981981982, 0.49981981982, 0.559940347372, 0.543689864509)
c(0.559940347372, 0.517328050842, 0.529715565112, 0.508858279812, 0.514801619174, 0.510238095238)

Bid Nums:

Linear Regression: 0.891595197256, 0.763865175824
Linear SVM: 0.895711835334, 0.698177894763
0-NN: 0.916981132075, 0.214531326349, 0.560947995126
1-NN: 0.937221269297, 0.19903105786, 0.52512304871
2-NN: 0.932075471698, 0.270201335599, 0.567944008001
3-NN: 0.937221269297, 0.110413752733, 0.510280032918
4-NN: 0.932761578045, 0.192959927371, 0.534491431701
5-NN: 0.93859348199, 0.16971028953, 0.509709936399
6-NN: 0.933447684391, 0.180157734985, 0.527955565007
7-NN: 0.937907375643, 0.0846606223965, 0.503480922348
Random Forest: 0.934133790738, 0.24766996576, 0.557571284975

c(0.503211068211, 0.503211068211, 0.560947995126, 0.557571284975)
c(0.560947995126, 0.52512304871, 0.567944008001, 0.510280032918, 0.534491431701, 0.509709936399)

All:

Decision Tree: 0.970497427101, 0.84205004193
Random Forest: 0.971869639794, 0.767060367441

Time

Decision Tree: 0.339279588336, 0.632477427024
Random Forest: 0.339279588336, 0.632477427024

Scores:

Decision Tree: 0.973241852487, 0.831686501209
Random Forest: 0.978387650086, 0.819202057917

Bids:

Decision Tree: 0.929331046312, 0.594141293467
Random Forest: 0.943739279588, 0.561883184648

Nums:

Decision Tree: 0.915608919383, 0.586588061631
Random Forest: 0.940994854202, 0.537143896603

--------------------------------------------------------------------------------
TPR and FPR
--------------------------------------------------------------------------------

Time:

(0.0, 0.70275229357798163, 0.86972477064220188, 1.0)
(0.0, 0.97368421052631582, 1.0, 1.0)

Scores:

(0.0, 0.003616636528028933, 0.003616636528028933, 0.0054249547920433997, 0.0054249547920433997, 0.0072332730560578659, 0.0072332730560578659, 0.0090415913200723331, 0.0090415913200723331, 0.010849909584086799, 0.010849909584086799, 0.012658227848101266, 0.012658227848101266, 0.019891500904159132, 0.019891500904159132, 0.023508137432188065, 0.023508137432188065, 0.027124773960216998, 0.027124773960216998, 0.041591320072332731, 0.041591320072332731, 0.052441229656419529, 0.052441229656419529, 0.090415913200723327, 0.090415913200723327, 0.19349005424954793, 0.19349005424954793, 0.19891500904159132, 0.19891500904159132, 0.29475587703435807, 0.29475587703435807, 0.38698010849909587, 0.39059674502712477, 0.39602169981916818, 0.39963833634719709, 0.40867992766726946, 0.41410488245931282, 0.42133815551537068, 0.42133815551537068, 0.4267631103074141, 0.43037974683544306, 0.44122965641952983, 0.44484629294755879, 0.76853526220614832, 0.77215189873417722, 0.99819168173598549, 0.99819168173598549, 1.0)
(0.0, 0.033333333333333333, 0.33333333333333331, 0.33333333333333331, 0.5, 0.5, 0.53333333333333333, 0.53333333333333333, 0.56666666666666665, 0.56666666666666665, 0.59999999999999998, 0.59999999999999998, 0.6333333333333333, 0.6333333333333333, 0.66666666666666663, 0.66666666666666663, 0.69999999999999996, 0.69999999999999996, 0.73333333333333328, 0.73333333333333328, 0.76666666666666672, 0.76666666666666672, 0.80000000000000004, 0.80000000000000004, 0.83333333333333337, 0.83333333333333337, 0.8666666666666667, 0.8666666666666667, 0.90000000000000002, 0.90000000000000002, 0.93333333333333335, 0.93333333333333335, 0.93333333333333335, 0.93333333333333335, 0.93333333333333335, 0.93333333333333335, 0.93333333333333335, 0.93333333333333335, 0.96666666666666667, 0.96666666666666667, 0.96666666666666667, 0.96666666666666667, 0.96666666666666667, 0.96666666666666667, 0.96666666666666667, 0.96666666666666667, 1.0, 1.0)

Nums:

(0.0, 0.03074141048824593, 0.03074141048824593, 0.048824593128390596, 0.048824593128390596, 0.054249547920433995, 0.054249547920433995, 0.056057866184448461, 0.056057866184448461, 0.06148282097649186, 0.06148282097649186, 0.10126582278481013, 0.10126582278481013, 0.11754068716094032, 0.11754068716094032, 0.12296564195298372, 0.12296564195298372, 0.12839059674502712, 0.12839059674502712, 0.13562386980108498, 0.13562386980108498, 0.13924050632911392, 0.13924050632911392, 0.15913200723327306, 0.15913200723327306, 0.16274864376130199, 0.16274864376130199, 0.16455696202531644, 0.16455696202531644, 0.17902350813743217, 0.17902350813743217, 0.189873417721519, 0.189873417721519, 0.26943942133815552, 0.26943942133815552, 0.30379746835443039, 0.30379746835443039, 0.45207956600361665, 0.45931283905967452, 0.46112115732368897, 0.46112115732368897, 0.47197106690777579, 0.47197106690777579, 0.47377938517179025, 0.47920433996383366, 0.50090415913200725, 0.50090415913200725, 0.54611211573236895, 0.54972875226039786, 0.55515370705244127, 0.55515370705244127, 0.56419529837251359, 0.56419529837251359, 0.60578661844484627, 0.61121157323688968, 0.6166365280289331, 0.6238698010849909, 0.62748643761301992, 0.63291139240506333, 0.63833634719710675, 0.64014466546112114, 0.64918625678119346, 0.65280289330922248, 0.65822784810126578, 0.67992766726943943, 0.7160940325497287, 0.7160940325497287, 0.71790235081374321, 0.72151898734177211, 0.72694394213381552, 0.73056057866184454, 0.73236889692585894, 0.73598553345388784, 0.73960216998191686, 0.74321880650994576, 0.74864376130198917, 0.75406871609403259, 0.759493670886076, 0.7631103074141049, 0.80108499095840868, 0.810126582278481, 0.81555153707052441, 0.82278481012658233, 0.98553345388788427, 0.98915009041591317, 0.99819168173598549, 1.0)
(0.033333333333333333, 0.033333333333333333, 0.066666666666666666, 0.066666666666666666, 0.10000000000000001, 0.10000000000000001, 0.13333333333333333, 0.13333333333333333, 0.16666666666666666, 0.16666666666666666, 0.20000000000000001, 0.20000000000000001, 0.26666666666666666, 0.26666666666666666, 0.29999999999999999, 0.29999999999999999, 0.33333333333333331, 0.33333333333333331, 0.36666666666666664, 0.36666666666666664, 0.40000000000000002, 0.40000000000000002, 0.43333333333333335, 0.43333333333333335, 0.46666666666666667, 0.46666666666666667, 0.5, 0.5, 0.53333333333333333, 0.53333333333333333, 0.56666666666666665, 0.56666666666666665, 0.59999999999999998, 0.59999999999999998, 0.6333333333333333, 0.6333333333333333, 0.66666666666666663, 0.66666666666666663, 0.66666666666666663, 0.66666666666666663, 0.69999999999999996, 0.69999999999999996, 0.73333333333333328, 0.73333333333333328, 0.73333333333333328, 0.73333333333333328, 0.76666666666666672, 0.76666666666666672, 0.76666666666666672, 0.76666666666666672, 0.80000000000000004, 0.80000000000000004, 0.83333333333333337, 0.83333333333333337, 0.83333333333333337, 0.83333333333333337, 0.83333333333333337, 0.83333333333333337, 0.83333333333333337, 0.83333333333333337, 0.8666666666666667, 0.8666666666666667, 0.8666666666666667, 0.8666666666666667, 0.90000000000000002, 0.90000000000000002, 0.93333333333333335, 0.93333333333333335, 0.93333333333333335, 0.93333333333333335, 0.93333333333333335, 0.93333333333333335, 0.93333333333333335, 0.93333333333333335, 0.93333333333333335, 0.93333333333333335, 0.93333333333333335, 0.93333333333333335, 0.93333333333333335, 0.93333333333333335, 0.93333333333333335, 0.93333333333333335, 0.93333333333333335, 1.0, 1.0, 1.0, 1.0)

Bids: 

(0.0, 0.0018148820326678765, 0.016333938294010888, 0.016333938294010888, 0.018148820326678767, 0.018148820326678767, 0.019963702359346643, 0.019963702359346643, 0.047186932849364795, 0.047186932849364795, 0.061705989110707807, 0.061705989110707807, 0.067150635208711437, 0.067150635208711437, 0.072595281306715068, 0.072595281306715068, 0.07441016333938294, 0.07441016333938294, 0.088929219600725959, 0.088929219600725959, 0.11070780399274047, 0.11070780399274047, 0.1161524500907441, 0.1161524500907441, 0.11978221415607986, 0.11978221415607986, 0.12341197822141561, 0.12341197822141561, 0.12704174228675136, 0.12704174228675136, 0.1306715063520871, 0.1306715063520871, 0.14337568058076225, 0.14337568058076225, 0.14519056261343014, 0.14519056261343014, 0.14700544464609799, 0.14700544464609799, 0.14882032667876588, 0.14882032667876588, 0.1560798548094374, 0.1560798548094374, 0.21415607985480944, 0.21778584392014519, 0.2613430127041742, 0.26497277676950998, 0.26678765880217786, 0.26678765880217786, 0.27223230490018147, 0.27223230490018147, 0.27404718693284935, 0.2867513611615245, 0.33212341197822143, 0.33575317604355714, 0.37749546279491836, 0.38112522686025407, 0.4029038112522686, 0.43012704174228678, 0.43375680580762249, 0.43557168784029038, 0.43557168784029038, 0.4519056261343013, 0.45553539019963701, 0.46098003629764067, 0.46098003629764067, 0.48275862068965519, 0.49183303085299457, 0.49546279491833028, 0.5117967332123412, 0.51905626134301275, 0.5245009074410163, 0.53176043557168784, 0.54446460980036293, 0.5480943738656987, 0.54990925589836659, 0.55353901996370236, 0.56261343012704179, 0.57713248638838477, 0.58076225045372054, 0.58257713248638843, 0.58620689655172409, 0.5970961887477314, 0.60435571687840295, 0.60617059891107083, 0.6098003629764065, 0.62068965517241381, 0.63520871143375679, 0.63883847549909256, 0.64791288566243199, 0.6588021778584392, 0.66787658802177863, 0.66969147005444651, 0.67695099818511795, 0.68058076225045372, 0.68602540834845738, 0.68965517241379315, 0.87114337568058076, 0.91288566243194191, 0.96007259528130673, 0.96733212341197827, 0.97096188747731393, 0.97640653357531759, 0.98911070780399279, 0.99274047186932846, 1.0)
(0.0, 0.0, 0.0, 0.09375, 0.09375, 0.125, 0.125, 0.15625, 0.15625, 0.1875, 0.1875, 0.25, 0.25, 0.28125, 0.28125, 0.34375, 0.34375, 0.375, 0.375, 0.40625, 0.40625, 0.4375, 0.4375, 0.46875, 0.46875, 0.5, 0.5, 0.53125, 0.53125, 0.5625, 0.5625, 0.59375, 0.59375, 0.625, 0.625, 0.65625, 0.65625, 0.75, 0.75, 0.78125, 0.78125, 0.8125, 0.8125, 0.8125, 0.8125, 0.8125, 0.8125, 0.84375, 0.84375, 0.875, 0.875, 0.875, 0.875, 0.875, 0.875, 0.875, 0.875, 0.875, 0.90625, 0.90625, 0.9375, 0.9375, 0.9375, 0.9375, 0.96875, 0.96875, 0.96875, 0.96875, 0.96875, 0.96875, 0.96875, 0.96875, 0.96875, 0.96875, 0.96875, 0.96875, 0.96875, 0.96875, 0.96875, 0.96875, 0.96875, 0.96875, 0.96875, 0.96875, 0.96875, 0.96875, 0.96875, 0.96875, 0.96875, 0.96875, 0.96875, 0.96875, 0.96875, 0.96875, 0.96875, 0.96875, 1.0, 1.0, 1.0, 1.0, 1.0, 1.0, 1.0, 1.0, 1.0)

All:

(0.0, 0.003616636528028933, 0.003616636528028933, 0.0054249547920433997, 0.0054249547920433997, 0.0090415913200723331, 0.0090415913200723331, 0.012658227848101266, 0.012658227848101266, 0.0162748643761302, 0.0162748643761302, 0.019891500904159132, 0.019891500904159132, 0.021699819168173599, 0.021699819168173599, 0.025316455696202531, 0.025316455696202531, 0.0325497287522604, 0.0325497287522604, 0.034358047016274866, 0.034358047016274866, 0.036166365280289332, 0.036166365280289332, 0.037974683544303799, 0.037974683544303799, 0.039783001808318265, 0.039783001808318265, 0.045207956600361664, 0.045207956600361664, 0.04701627486437613, 0.04701627486437613, 0.59493670886075944, 0.59493670886075944, 0.61482820976491859, 0.620253164556962, 0.63110307414104883, 0.64014466546112114, 0.64556962025316456, 0.64918625678119346, 0.69258589511754065, 0.69620253164556967, 0.73236889692585894, 0.73960216998191686, 0.99457504520795659, 1.0)
(0.0, 0.10000000000000001, 0.13333333333333333, 0.13333333333333333, 0.16666666666666666, 0.16666666666666666, 0.23333333333333334, 0.23333333333333334, 0.33333333333333331, 0.33333333333333331, 0.56666666666666665, 0.56666666666666665, 0.59999999999999998, 0.59999999999999998, 0.6333333333333333, 0.6333333333333333, 0.66666666666666663, 0.66666666666666663, 0.73333333333333328, 0.73333333333333328, 0.76666666666666672, 0.76666666666666672, 0.80000000000000004, 0.80000000000000004, 0.83333333333333337, 0.83333333333333337, 0.8666666666666667, 0.8666666666666667, 0.90000000000000002, 0.90000000000000002, 0.93333333333333335, 0.93333333333333335, 1.0, 1.0, 1.0, 1.0, 1.0, 1.0, 1.0, 1.0, 1.0, 1.0, 1.0, 1.0, 1.0)

----- All of the above for logistic regression. -----

Linear SVM:

(0.0, 0.0, 0.0017825311942959001, 0.0017825311942959001, 0.0089126559714795012, 0.0089126559714795012, 0.012477718360071301, 0.012477718360071301, 0.014260249554367201, 0.014260249554367201, 0.021390374331550801, 0.021390374331550801, 0.023172905525846704, 0.023172905525846704, 0.026737967914438502, 0.026737967914438502, 0.07130124777183601, 0.07130124777183601, 0.10873440285204991, 0.11764705882352941, 0.13368983957219252, 0.13725490196078433, 0.14616755793226383, 0.1497326203208556, 0.22638146167557932, 0.22994652406417113, 0.49376114081996436, 0.49732620320855614, 0.84313725490196079, 0.84670231729055256, 1.0)
(0.045454545454545456, 0.13636363636363635, 0.13636363636363635, 0.54545454545454541, 0.54545454545454541, 0.63636363636363635, 0.63636363636363635, 0.68181818181818177, 0.68181818181818177, 0.77272727272727271, 0.77272727272727271, 0.81818181818181823, 0.81818181818181823, 0.86363636363636365, 0.86363636363636365, 0.95454545454545459, 0.95454545454545459, 1.0, 1.0, 1.0, 1.0, 1.0, 1.0, 1.0, 1.0, 1.0, 1.0, 1.0, 1.0, 1.0, 1.0)

1-NN:

(0.0, 0.0071813285457809697, 1.0)
(0.0, 0.69230769230769229, 1.0)

Decision Tree:

(0.0, 0.0055147058823529415, 1.0)
(0.0, 0.84615384615384615, 1.0)

Random Forest:

(0.0, 0.0018018018018018018, 0.0036036036036036037, 0.0036036036036036037, 0.0072072072072072073, 0.010810810810810811, 0.021621621621621623, 0.028828828828828829, 0.052252252252252253, 0.1009009009009009, 1.0)
(0.0, 0.10714285714285714, 0.32142857142857145, 0.4642857142857143, 0.5357142857142857, 0.6428571428571429, 0.7857142857142857, 0.8214285714285714, 0.8928571428571429, 0.9285714285714286, 1.0)


------ Time ------

LR:

(0.0, 0.71506352087114333, 0.88384754990925585, 1.0)
(0.0, 0.96875, 1.0, 1.0)

Linear SVM:

(0.0, 0.71532846715328469, 0.86313868613138689, 1.0)
(0.0, 0.97142857142857142, 1.0, 1.0)

1NN:

(0.0, 0.67736185383244207, 1.0)
(0.0, 0.95454545454545459, 1.0)

DT:

(0.0, 0.70054446460980035, 0.86932849364791287, 1.0)
(0.0, 0.96875, 1.0, 1.0)

RF:

(0.0, 0.70758122743682306, 0.85740072202166062, 1.0)
(0.0, 0.93103448275862066, 1.0, 1.0)

----- Scores -----:

LR:

(0.0, 0.0, 0.0018018018018018018, 0.0018018018018018018, 0.0054054054054054057, 0.0054054054054054057, 0.0090090090090090089, 0.0090090090090090089, 0.016216216216216217, 0.016216216216216217, 0.019819819819819819, 0.019819819819819819, 0.023423423423423424, 0.023423423423423424, 0.31171171171171169, 0.31171171171171169, 0.31531531531531531, 0.31531531531531531, 0.3171171171171171, 0.32072072072072072, 0.33153153153153153, 0.33513513513513515, 0.34414414414414413, 0.34954954954954953, 0.66486486486486485, 0.66846846846846841, 0.98918918918918919, 0.98918918918918919, 1.0)
(0.035714285714285712, 0.10714285714285714, 0.10714285714285714, 0.6071428571428571, 0.6071428571428571, 0.6785714285714286, 0.6785714285714286, 0.75, 0.75, 0.7857142857142857, 0.7857142857142857, 0.8214285714285714, 0.8214285714285714, 0.8928571428571429, 0.8928571428571429, 0.9285714285714286, 0.9285714285714286, 0.9642857142857143, 0.9642857142857143, 0.9642857142857143, 0.9642857142857143, 0.9642857142857143, 0.9642857142857143, 0.9642857142857143, 0.9642857142857143, 0.9642857142857143, 0.9642857142857143, 1.0, 1.0)

SVC:

(0.0, 0.0, 0.0017921146953405018, 0.0017921146953405018, 0.0035842293906810036, 0.0035842293906810036, 0.0071684587813620072, 0.0071684587813620072, 0.0089605734767025085, 0.0089605734767025085, 0.010752688172043012, 0.010752688172043012, 0.012544802867383513, 0.012544802867383513, 0.023297491039426525, 0.023297491039426525, 0.043010752688172046, 0.043010752688172046, 0.10752688172043011, 0.10752688172043011, 0.10931899641577061, 0.10931899641577061, 0.11290322580645161, 0.11290322580645161, 0.22939068100358423, 0.23297491039426524, 0.40143369175627241, 0.4050179211469534, 0.88351254480286734, 0.88351254480286734, 1.0)
(0.040000000000000001, 0.16, 0.16, 0.20000000000000001, 0.20000000000000001, 0.40000000000000002, 0.40000000000000002, 0.47999999999999998, 0.47999999999999998, 0.52000000000000002, 0.52000000000000002, 0.59999999999999998, 0.59999999999999998, 0.68000000000000005, 0.68000000000000005, 0.76000000000000001, 0.76000000000000001, 0.80000000000000004, 0.80000000000000004, 0.83999999999999997, 0.83999999999999997, 0.92000000000000004, 0.92000000000000004, 0.95999999999999996, 0.95999999999999996, 0.95999999999999996, 0.95999999999999996, 0.95999999999999996, 0.95999999999999996, 1.0, 1.0)

1NN:

(0.0, 0.0072727272727272727, 1.0)
(0.0, 0.69696969696969702, 1.0)

DT:

(0.0, 0.02181818181818182, 1.0)
(0.0, 0.60606060606060608, 1.0)

RF:

(0.0, 0.0, 0.0, 0.0, 0.0, 0.0054446460980036296, 0.0090744101633393835, 0.014519056261343012, 0.032667876588021776, 0.063520871143375679, 1.0)
(0.1875, 0.34375, 0.4375, 0.5, 0.53125, 0.59375, 0.6875, 0.8125, 0.8125, 0.875, 1.0)

----- Diversity -----

LR:

(0.0, 0.0017667844522968198, 0.021201413427561839, 0.021201413427561839, 0.028268551236749116, 0.028268551236749116, 0.093639575971731448, 0.093639575971731448, 0.10247349823321555, 0.10247349823321555, 0.11307420494699646, 0.11307420494699646, 0.11484098939929328, 0.11484098939929328, 0.13957597173144876, 0.13957597173144876, 0.1519434628975265, 0.1519434628975265, 0.19257950530035337, 0.19257950530035337, 0.24204946996466431, 0.24204946996466431, 0.40812720848056538, 0.40812720848056538, 0.45406360424028269, 0.45406360424028269, 0.45936395759717313, 0.4628975265017668, 0.46466431095406363, 0.46819787985865724, 0.47349823321554768, 0.47703180212014135, 0.48056537102473496, 0.48763250883392228, 0.49116607773851589, 0.49469964664310956, 0.51413427561837455, 0.51766784452296821, 0.56183745583038869, 0.56537102473498235, 0.56537102473498235, 0.56890459363957602, 0.57773851590106007, 0.5795053003533569, 0.58303886925795056, 0.5848056537102474, 0.60070671378091878, 0.60600706713780916, 0.60600706713780916, 0.61660777385159016, 0.62367491166077738, 0.62720848056537104, 0.63250883392226154, 0.63604240282685509, 0.6819787985865724, 0.69081272084805656, 0.87102473498233213, 0.87279151943462896, 0.89045936395759717, 0.89575971731448767, 0.8975265017667845, 0.91696113074204944, 0.9204946996466431, 0.9257950530035336, 0.92932862190812726, 0.93286219081272082, 0.93639575971731448, 0.94522968197879864, 0.98939929328621912, 0.98939929328621912, 0.99293286219081267, 0.99293286219081267, 1.0)
(0.0, 0.0, 0.0, 0.058823529411764705, 0.058823529411764705, 0.11764705882352941, 0.11764705882352941, 0.17647058823529413, 0.17647058823529413, 0.23529411764705882, 0.23529411764705882, 0.29411764705882354, 0.29411764705882354, 0.35294117647058826, 0.35294117647058826, 0.41176470588235292, 0.41176470588235292, 0.47058823529411764, 0.47058823529411764, 0.52941176470588236, 0.52941176470588236, 0.58823529411764708, 0.58823529411764708, 0.6470588235294118, 0.6470588235294118, 0.70588235294117652, 0.70588235294117652, 0.70588235294117652, 0.70588235294117652, 0.70588235294117652, 0.70588235294117652, 0.70588235294117652, 0.70588235294117652, 0.70588235294117652, 0.70588235294117652, 0.70588235294117652, 0.70588235294117652, 0.70588235294117652, 0.70588235294117652, 0.70588235294117652, 0.76470588235294112, 0.76470588235294112, 0.76470588235294112, 0.76470588235294112, 0.76470588235294112, 0.76470588235294112, 0.76470588235294112, 0.76470588235294112, 0.82352941176470584, 0.82352941176470584, 0.82352941176470584, 0.82352941176470584, 0.82352941176470584, 0.82352941176470584, 0.82352941176470584, 0.82352941176470584, 0.88235294117647056, 0.88235294117647056, 0.88235294117647056, 0.88235294117647056, 0.88235294117647056, 0.88235294117647056, 0.88235294117647056, 0.88235294117647056, 0.88235294117647056, 0.88235294117647056, 0.88235294117647056, 0.88235294117647056, 0.88235294117647056, 0.94117647058823528, 0.94117647058823528, 1.0, 1.0)


SVM:

(0.0, 0.0018148820326678765, 0.010889292196007259, 0.010889292196007259, 0.018148820326678767, 0.018148820326678767, 0.027223230490018149, 0.027223230490018149, 0.059891107078039928, 0.059891107078039928, 0.088929219600725959, 0.088929219600725959, 0.11978221415607986, 0.11978221415607986, 0.14337568058076225, 0.14337568058076225, 0.15970961887477314, 0.15970961887477314, 0.17967332123411978, 0.17967332123411978, 0.22141560798548093, 0.22141560798548093, 0.23956442831215971, 0.23956442831215971, 0.24319419237749546, 0.24319419237749546, 0.24863883847549909, 0.24863883847549909, 0.27404718693284935, 0.27404718693284935, 0.29219600725952816, 0.29219600725952816, 0.33938294010889292, 0.33938294010889292, 0.41560798548094374, 0.41560798548094374, 0.47549909255898365, 0.47549909255898365, 0.48094373865698731, 0.48094373865698731, 0.48638838475499091, 0.49001814882032668, 0.50453720508166966, 0.50816696914700543, 0.57168784029038111, 0.58076225045372054, 0.58076225045372054, 0.58439201451905631, 0.59165154264972775, 0.59528130671506352, 0.59891107078039929, 0.60435571687840295, 0.61161524500907438, 0.61524500907441015, 0.63520871143375679, 0.63883847549909256, 0.64065335753176045, 0.64065335753176045, 0.64428312159709622, 0.64609800362976411, 0.65517241379310343, 0.6588021778584392, 0.66243194192377497, 0.71324863883847545, 0.71687840290381122, 0.72050816696914699, 0.73139745916515431, 0.73321234119782219, 0.74228675136116151, 0.74591651542649728, 0.74773139745916517, 0.90018148820326682, 0.90199637023593471, 0.93284936479128855, 0.93466424682395643, 0.93829401088929221, 0.94010889292196009, 0.94918330308529941, 0.95281306715063518, 0.96188747731397461, 0.96188747731397461, 0.97640653357531759, 0.97640653357531759, 0.99637023593466423, 0.99637023593466423, 1.0)
(0.0, 0.0, 0.0, 0.03125, 0.03125, 0.09375, 0.09375, 0.125, 0.125, 0.15625, 0.15625, 0.21875, 0.21875, 0.25, 0.25, 0.28125, 0.28125, 0.3125, 0.3125, 0.375, 0.375, 0.4375, 0.4375, 0.46875, 0.46875, 0.53125, 0.53125, 0.5625, 0.5625, 0.59375, 0.59375, 0.625, 0.625, 0.6875, 0.6875, 0.71875, 0.71875, 0.75, 0.75, 0.78125, 0.78125, 0.78125, 0.78125, 0.78125, 0.78125, 0.78125, 0.8125, 0.8125, 0.8125, 0.8125, 0.8125, 0.8125, 0.8125, 0.8125, 0.84375, 0.84375, 0.84375, 0.875, 0.875, 0.875, 0.875, 0.875, 0.875, 0.875, 0.875, 0.875, 0.875, 0.875, 0.875, 0.875, 0.875, 0.875, 0.875, 0.875, 0.875, 0.875, 0.875, 0.875, 0.875, 0.875, 0.90625, 0.90625, 0.9375, 0.9375, 1.0, 1.0)

1NN:

(0.0, 0.028520499108734401, 1.0)
(0.0, 0.18181818181818182, 1.0)

DT:

(0.0, 0.039927404718693285, 0.041742286751361164, 0.045372050816696916, 0.067150635208711437, 0.22141560798548093, 1.0)
(0.0, 0.25, 0.25, 0.25, 0.25, 0.3125, 1.0)

RF:

(0.0, 0.0053667262969588547, 0.0089445438282647581, 0.012522361359570662, 0.017889087656529516, 0.019677996422182469, 0.03041144901610018, 0.051878354203935599, 0.22719141323792486, 0.28085867620751342, 0.30053667262969591, 0.30411449016100178, 0.40429338103756707, 0.41144901610017887, 0.41502683363148479, 1.0)
(0.0, 0.0, 0.083333333333333329, 0.083333333333333329, 0.125, 0.125, 0.16666666666666666, 0.25, 0.29166666666666669, 0.45833333333333331, 0.45833333333333331, 0.45833333333333331, 0.66666666666666663, 0.66666666666666663, 0.66666666666666663, 1.0)

----- Bid Nums -----

LR:

(0.0, 0.012750455373406194, 0.012750455373406194, 0.029143897996357013, 0.029143897996357013, 0.036429872495446269, 0.036429872495446269, 0.03825136612021858, 0.03825136612021858, 0.040072859744990891, 0.040072859744990891, 0.049180327868852458, 0.049180327868852458, 0.054644808743169397, 0.054644808743169397, 0.056466302367941715, 0.056466302367941715, 0.061930783242258654, 0.061930783242258654, 0.063752276867030971, 0.063752276867030971, 0.067395264116575593, 0.067395264116575593, 0.074681238615664849, 0.074681238615664849, 0.081967213114754092, 0.081967213114754092, 0.083788706739526417, 0.083788706739526417, 0.089253187613843349, 0.089253187613843349, 0.12932604735883424, 0.12932604735883424, 0.13479052823315119, 0.13479052823315119, 0.13843351548269581, 0.13843351548269581, 0.14389799635701275, 0.14389799635701275, 0.14571948998178508, 0.14571948998178508, 0.15846994535519127, 0.15846994535519127, 0.16211293260473589, 0.16211293260473589, 0.17304189435336975, 0.17304189435336975, 0.24225865209471767, 0.24225865209471767, 0.25865209471766848, 0.26229508196721313, 0.27322404371584702, 0.27322404371584702, 0.27504553734061932, 0.28779599271402551, 0.29143897996357016, 0.37340619307832423, 0.39162112932604737, 0.39526411657559196, 0.39890710382513661, 0.39890710382513661, 0.44990892531876137, 0.45355191256830601, 0.46083788706739526, 0.4681238615664845, 0.47176684881602915, 0.47540983606557374, 0.49726775956284153, 0.50091074681238612, 0.50273224043715847, 0.50637522768670307, 0.51183970856102001, 0.5227686703096539, 0.52459016393442626, 0.53187613843351544, 0.54644808743169404, 0.55009107468123863, 0.57559198542805101, 0.5865209471766849, 0.5901639344262295, 0.60109289617486339, 0.60473588342440798, 0.61202185792349728, 0.61566484517304187, 0.61930783242258647, 0.63023679417122036, 0.63934426229508201, 0.6539162112932605, 0.65755919854280509, 0.66666666666666663, 0.67030965391621133, 0.67213114754098358, 0.67577413479052828, 0.67941712204007287, 0.68306010928961747, 0.69763205828779595, 0.86338797814207646, 0.91256830601092898, 0.94717668488160289, 0.96539162112932608, 0.97449908925318762, 0.98178506375227692, 0.98360655737704916, 0.99089253187613846, 0.99817850637522765, 1.0)
(0.029411764705882353, 0.029411764705882353, 0.058823529411764705, 0.058823529411764705, 0.088235294117647065, 0.088235294117647065, 0.14705882352941177, 0.14705882352941177, 0.17647058823529413, 0.17647058823529413, 0.20588235294117646, 0.20588235294117646, 0.23529411764705882, 0.23529411764705882, 0.26470588235294118, 0.26470588235294118, 0.29411764705882354, 0.29411764705882354, 0.3235294117647059, 0.3235294117647059, 0.35294117647058826, 0.35294117647058826, 0.41176470588235292, 0.41176470588235292, 0.44117647058823528, 0.44117647058823528, 0.47058823529411764, 0.47058823529411764, 0.5, 0.5, 0.55882352941176472, 0.55882352941176472, 0.58823529411764708, 0.58823529411764708, 0.6470588235294118, 0.6470588235294118, 0.67647058823529416, 0.67647058823529416, 0.70588235294117652, 0.70588235294117652, 0.73529411764705888, 0.73529411764705888, 0.76470588235294112, 0.76470588235294112, 0.82352941176470584, 0.82352941176470584, 0.8529411764705882, 0.8529411764705882, 0.88235294117647056, 0.88235294117647056, 0.88235294117647056, 0.88235294117647056, 0.91176470588235292, 0.91176470588235292, 0.91176470588235292, 0.91176470588235292, 0.91176470588235292, 0.91176470588235292, 0.91176470588235292, 0.91176470588235292, 0.94117647058823528, 0.94117647058823528, 0.94117647058823528, 0.94117647058823528, 0.94117647058823528, 0.94117647058823528, 0.94117647058823528, 0.94117647058823528, 0.94117647058823528, 0.94117647058823528, 0.94117647058823528, 0.94117647058823528, 0.94117647058823528, 0.94117647058823528, 0.94117647058823528, 0.94117647058823528, 0.94117647058823528, 0.94117647058823528, 0.94117647058823528, 0.94117647058823528, 0.94117647058823528, 0.94117647058823528, 0.94117647058823528, 0.94117647058823528, 0.94117647058823528, 0.94117647058823528, 0.94117647058823528, 0.94117647058823528, 0.94117647058823528, 0.94117647058823528, 0.94117647058823528, 0.94117647058823528, 0.94117647058823528, 0.94117647058823528, 0.94117647058823528, 0.94117647058823528, 1.0, 1.0, 1.0, 1.0, 1.0, 1.0, 1.0, 1.0, 1.0, 1.0)

SVM:

(0.0, 0.030965391621129327, 0.030965391621129327, 0.034608378870673952, 0.034608378870673952, 0.043715846994535519, 0.043715846994535519, 0.056466302367941715, 0.056466302367941715, 0.058287795992714025, 0.058287795992714025, 0.061930783242258654, 0.061930783242258654, 0.067395264116575593, 0.067395264116575593, 0.069216757741347903, 0.069216757741347903, 0.078324225865209471, 0.078324225865209471, 0.098360655737704916, 0.098360655737704916, 0.10200364298724955, 0.10200364298724955, 0.11293260473588343, 0.11293260473588343, 0.11839708561020036, 0.11839708561020036, 0.13479052823315119, 0.13479052823315119, 0.14207650273224043, 0.14207650273224043, 0.14571948998178508, 0.14571948998178508, 0.15300546448087432, 0.15300546448087432, 0.15846994535519127, 0.15846994535519127, 0.22040072859744991, 0.22404371584699453, 0.24408014571948999, 0.24408014571948999, 0.25683060109289618, 0.25683060109289618, 0.26958105646630237, 0.26958105646630237, 0.28233151183970856, 0.28779599271402551, 0.3570127504553734, 0.36065573770491804, 0.37887067395264118, 0.39344262295081966, 0.39708561020036431, 0.42258652094717669, 0.42258652094717669, 0.44444444444444442, 0.44808743169398907, 0.45355191256830601, 0.45901639344262296, 0.46265938069216755, 0.46994535519125685, 0.48998178506375228, 0.50273224043715847, 0.51001821493624777, 0.54462659380692169, 0.54826958105646628, 0.55555555555555558, 0.56648451730418947, 0.58105646630236796, 0.58469945355191255, 0.59198542805100185, 0.59562841530054644, 0.60473588342440798, 0.61020036429872493, 0.62295081967213117, 0.63023679417122036, 0.6429872495446266, 0.64845173041894355, 0.65938069216757744, 0.66302367941712204, 0.67395264116575593, 0.67759562841530052, 0.68306010928961747, 0.68670309653916206, 0.84153005464480879, 0.90528233151183968, 0.93806921675774135, 0.96903460837887068, 0.97632058287795997, 0.98724954462659376, 0.99089253187613846, 0.99453551912568305, 1.0)
(0.029411764705882353, 0.029411764705882353, 0.088235294117647065, 0.088235294117647065, 0.11764705882352941, 0.11764705882352941, 0.20588235294117646, 0.20588235294117646, 0.29411764705882354, 0.29411764705882354, 0.3235294117647059, 0.3235294117647059, 0.35294117647058826, 0.35294117647058826, 0.41176470588235292, 0.41176470588235292, 0.44117647058823528, 0.44117647058823528, 0.47058823529411764, 0.47058823529411764, 0.5, 0.5, 0.52941176470588236, 0.52941176470588236, 0.55882352941176472, 0.55882352941176472, 0.58823529411764708, 0.58823529411764708, 0.61764705882352944, 0.61764705882352944, 0.6470588235294118, 0.6470588235294118, 0.70588235294117652, 0.70588235294117652, 0.73529411764705888, 0.73529411764705888, 0.76470588235294112, 0.76470588235294112, 0.76470588235294112, 0.76470588235294112, 0.79411764705882348, 0.79411764705882348, 0.82352941176470584, 0.82352941176470584, 0.8529411764705882, 0.8529411764705882, 0.8529411764705882, 0.8529411764705882, 0.8529411764705882, 0.8529411764705882, 0.8529411764705882, 0.8529411764705882, 0.8529411764705882, 0.88235294117647056, 0.88235294117647056, 0.88235294117647056, 0.88235294117647056, 0.88235294117647056, 0.88235294117647056, 0.88235294117647056, 0.88235294117647056, 0.88235294117647056, 0.88235294117647056, 0.88235294117647056, 0.88235294117647056, 0.88235294117647056, 0.88235294117647056, 0.88235294117647056, 0.88235294117647056, 0.88235294117647056, 0.88235294117647056, 0.88235294117647056, 0.88235294117647056, 0.88235294117647056, 0.88235294117647056, 0.88235294117647056, 0.88235294117647056, 0.88235294117647056, 0.88235294117647056, 0.88235294117647056, 0.88235294117647056, 0.88235294117647056, 0.88235294117647056, 1.0, 1.0, 1.0, 1.0, 1.0, 1.0, 1.0, 1.0, 1.0)

1NN:

(0.0, 0.043715846994535519, 1.0)
(0.0, 0.26470588235294118, 1.0)

DT:

(0.0, 0.038391224862888484, 0.040219378427787937, 0.21755027422303475, 1.0)
(0.0, 0.22222222222222221, 0.22222222222222221, 0.30555555555555558, 1.0)

RF:

(0.0, 0.005415162454873646, 0.0090252707581227436, 0.018050541516245487, 0.025270758122743681, 0.037906137184115521, 0.19133574007220217, 0.22202166064981949, 0.24729241877256317, 1.0)
(0.0, 0.0, 0.0, 0.0, 0.17241379310344829, 0.34482758620689657, 0.34482758620689657, 0.48275862068965519, 0.68965517241379315, 1.0)










